-1.687207
-0.708567
0.689388
2.603925
0.527068
-2.874605
-2.159956
-2.502749
-0.026890
1.614632
0.961087
0.265332
0.391396
0.603921
0.013537
-2.603503
-3.370385
-1.976327
-0.694487
0.276034
0.904269
-0.558726
0.851201
0.053312
-0.903716
0.654614
-1.509900
0.542511
-1.143046
-1.789479
-2.003002
-1.976090
-2.949572
-1.309960
-0.179439
1.121707
0.226194
1.325930
2.125477
-1.002576
1.253034
-2.302545
0.460936
-0.365995
-1.834264
-0.556917
-1.207406
0.371763
-0.102942
-2.389293
1.404530
-4.036931
0.364373
2.456332
-0.813587
-1.082276
1.646285
-1.036552
-0.555193
-1.605766
-1.367346
-1.151183
-1.724133
-3.443100
1.320519
1.373882
1.045856
1.487042
-1.535443
-2.164521
-1.310114
-2.054012
0.425879
-1.424355
-0.698280
1.130004
1.763356
0.293809
-1.867780
-2.234013
-1.251394
0.540274
-1.631170
-1.562007
-0.624894
-0.977819
1.589578
-1.451672
-1.300330
0.823072
-3.137660
1.128130
3.952186
0.731656
-0.517113
-0.246582
-1.110629
-1.597067
-0.454433
-2.511699
-1.128792
1.742441
-1.672788
-1.058585
-1.026186
2.693512
0.045452
-1.840558
-1.142610
-0.960804
-3.007103
1.441000
-2.881198
-3.189814
-0.931295
2.006638
-2.275334
1.991162
-1.205691
0.680658
1.637310
-2.411406
-0.455284
0.134641
-3.022429
1.667164
-2.479381
-2.690421
2.538057
-1.013605
0.432870
-0.274078
-4.265789
-0.768061
-1.303873
0.799408
0.769577
1.034206
-0.554952
1.318806
-1.788296
-0.199693
1.261412
1.367027
2.069744
-2.498470
-0.076525
1.172739
-2.042758
-1.054264
0.401379
-2.470989
1.065271
-1.090096
0.536713
-1.960062
-2.277401
-1.385371
-0.709624
-2.552607
-0.089943
-2.152620
-2.868762
-2.809716
-3.119987
-2.426244
-0.493103
-2.249660
1.913337
0.831816
0.719260
1.688236
-0.430010
1.813421
-1.241614
-2.303362
1.540385
-2.212148
-0.735648
1.240664
-2.046183
1.555206
-1.869235
-1.977254
0.162708
-2.365762
0.490247
1.292233
-1.468802
0.358965
0.887322
1.272147
-2.996228
-3.299231
-0.242289
-3.174640
-1.055169
-2.211094
-0.802095
1.943301
-1.698143
-1.519514
-0.660486
-0.956627
-1.203147
-1.207421
-1.833288
-1.261372
-0.758401
0.246666
