-0.574771
0.169325
-0.652659
0.026755
-0.807651
-0.751884
0.672465
-1.800261
0.028669
0.318692
0.376553
1.328081
-0.646092
0.002839
2.504959
-0.010388
0.312850
-0.073886
-0.038419
0.967804
0.967409
0.084507
0.017538
-0.022177
0.085311
0.080517
-1.135378
-0.048919
0.005923
-3.624200
-0.493106
0.472799
-0.441626
0.024347
-1.093075
-1.069339
0.756441
-1.509857
0.043584
0.294898
0.329310
-3.121380
-0.468320
0.000775
1.293267
-0.546448
0.734660
-0.523049
-0.029400
-0.474521
-0.439292
0.818587
-2.164796
-0.032587
0.249848
0.282489
-4.286834
-0.482542
0.048860
0.993027
0.452930
-0.116601
0.417721
0.028415
-0.137123
-0.123141
-0.140831
0.522937
0.004070
-0.810983
-0.821813
-3.108269
0.498407
0.036946
-2.384953
-0.272469
0.186813
-0.278109
0.047599
-0.973684
-0.926405
0.527827
-4.281719
0.033423
-0.767721
-0.748281
2.996931
-0.274305
-0.018794
-0.550276
0.588533
-1.724622
0.560654
-0.032110
0.222034
0.221213
-0.527838
0.995429
0.049414
-0.389558
-0.414378
1.180720
0.541761
-0.046988
-2.207004
-0.105943
1.148243
-0.029922
-0.030978
-1.591244
-1.520355
0.244253
1.422744
-0.034361
-0.974111
-0.919161
0.681454
-0.089739
0.018710
-1.871762
-0.214994
0.409399
-0.258726
0.000506
0.725266
0.729330
0.016499
-0.760047
-0.005864
0.318100
0.384916
0.841798
-0.302791
0.029536
3.613987
0.105887
-0.901201
0.116045
-0.019355
1.671474
1.695928
-0.313579
1.454643
0.031204
0.416102
0.374012
-1.696743
0.115375
0.029275
0.242443
0.108839
2.253166
0.093149
0.025188
-0.236799
-0.265688
-0.206583
1.848526
-0.002915
0.585361
0.578969
-1.950508
0.109408
-0.046668
2.734511
0.040917
-0.741286
0.014387
-0.008721
2.761730
2.743233
-0.212733
0.002344
-0.004211
0.641070
0.689260
0.207578
-0.025999
-0.015874
-0.859718
0.657695
-4.259097
0.723382
-0.047525
-0.874872
-0.876612
-0.618371
3.464217
0.014425
-0.375998
-0.365068
-1.615051
0.667431
-0.031520
1.999355
0.016386
-3.226516
0.049658
-0.024604
-0.602258
-0.553013
-0.057258
1.937676
-0.032241
1.027467
0.998636
-0.198847
0.006365
0.027686
3.572895
-0.194548
-0.099681
-0.220341
-0.024722
-0.080455
-0.101017
0.379107
0.217438
-0.041666
-0.246403
-0.288128
-1.489905
-0.190497
-0.034352
-0.520511
-0.232853
-1.695565
-0.261354
0.046966
-0.596653
-0.569886
0.605869
-3.849532
-0.021568
-0.870023
-0.831407
2.657925
-0.294092
-0.025148
-0.749368
-0.221490
-0.068345
-0.284274
0.019129
-1.354951
-1.352388
0.168007
0.261696
0.044975
-0.338652
-0.306824
3.676656
-0.229748
0.002930
2.782644
-0.339290
0.674188
-0.396072
-0.047531
-0.389451
-0.460015
0.594946
-3.928018
-0.016878
-0.677153
-0.626624
1.430713
-0.401247
0.004143
-0.566627
-1.110981
-0.159879
-1.048414
-0.013553
-0.171457
-0.142430
1.200503
-1.056696
-0.000374
-0.246983
-0.259792
-0.018955
-1.110914
-0.014531
-0.044557
-0.382416
3.288796
-0.351368
-0.007553
1.815239
1.762134
0.107096
-1.206824
-0.014163
0.547707
0.511111
0.512997
-0.399906
0.038139
0.906842
0.696419
1.027708
4.387266
5.034225
4.117970
3.524946
0.515624
2.723712
-3.832084
-2.303489
-2.234059
-2.582502
1.328923
-1.093248
2.768954
5.037208
-0.857921
3.445649
1.671135
-4.320673
